discrete_state_space_model:
  A:
    rows: 8
    cols: 8
    data: [7.098058845484421786e-01, -1.727955464540253117e-01, -1.345602004312775046e-01, -7.115513654169419722e-02, -5.142712486553316364e-02, -4.792451047322683622e-02, -2.275076836038700256e-02, 0.000000000000000000e+00, 2.188551532222006157e-01, 9.778821700538847805e-01, -1.722370565520351879e-02, -9.107857477336854524e-03, -6.582671982788245758e-03, -6.134337340573035174e-03, -2.912098350129536592e-03, 0.000000000000000000e+00, 1.400672980622084084e-02, 1.265844588834486306e-01, 9.988976828380669026e-01, -5.829028785495587832e-04, -4.212910068984477034e-04, -3.925975897966742906e-04, -1.863742944082903642e-04, 0.000000000000000000e+00, 8.964307075981337676e-04, 8.101405368540712595e-03, 1.279294517016362764e-01, 9.999626942157727738e-01, -2.696262444150065410e-05, -2.512624574698715148e-05, -1.192795484213058227e-05, 0.000000000000000000e+00, 2.868578264314027850e-05, 2.592449717933027840e-04, 4.093742454452361200e-03, 6.399880621490472432e-02, 9.999991371960178510e-01, -8.040398639035888322e-07, -3.816945549481786084e-07, 0.000000000000000000e+00, 4.589725222902445509e-07, 4.147919548692844889e-06, 6.549987927123777334e-05, 1.023980899438475594e-03, 3.199998619513628323e-02, 9.999999871353620895e-01, -6.107112879170857754e-09, 0.000000000000000000e+00, 7.343560356643912953e-09, 6.636671277908552807e-08, 1.047998068339804572e-06, 1.638369439101561339e-05, 5.119997791221806869e-04, 3.199999979416579682e-02, 9.999999999022861630e-01, 0.000000000000000000e+00, 3.671780178321956160e-12, 3.318335638954275768e-11, 5.239990341699022238e-10, 8.191847195507806190e-09, 2.559998895610903312e-07, 1.599999989708289749e-05, 9.999999999511430520e-04, 1.000000000000000000e+00]
  B:
    rows: 8
    cols: 1
    data: [2.735689415277507697e-02, 3.501682451555209342e-03, 2.241076768995334690e-04, 1.434289132157013925e-05, 4.589725222902443921e-07, 7.343560356643911299e-09, 1.174969657063025713e-10, 5.874848285315128705e-14]
  C:
    rows: 1
    cols: 8
    data: [3.112182109125331483e-02, 2.809353858001916171e-01, 3.695116788883859860e-01, 3.421707043587506325e-01, 4.335626525237899487e-01, 7.578406404974710187e-01, 8.851315725457227224e-01, 1.900861490244145102e+01]
  D:
    rows: 1
    cols: 1
    data: [4.979491374600530235e-04]
  dt: 1.000000000000000021e-03
