  numerator: [1.518531874915890904e-07, 6.074127499663563615e-07, 9.111191249495344893e-07, 6.074127499663563615e-07, 1.518531874915890904e-07]
  denominator: [1.000000000000000000e+00, -3.895492274164271684e+00, 5.691903145992599278e+00, -3.697165885589682954e+00, 9.007574434123554186e-01]
  dt: 1.000000000000000021e-03
