  numerator: [1.009637120385323180e-04, 1.887552366519180101e-06, -1.989360076820253522e-04, -6.782241606733954251e-07, 9.918162384933881706e-05]
  denominator: [1.000000000000000000e+00, -3.895492274164271684e+00, 5.691903145992599278e+00, -3.697165885589682954e+00, 9.007574434123554186e-01]
  dt: 1.000000000000000021e-03
